--------------------------------------------------------------------------------------------------------------------------------------------------------------------------------
  Bin Id                   Marker lineage            # genomes   # markers   # marker sets   0     1     2    3   4   5+   Completeness   Contamination   Strain heterogeneity  
--------------------------------------------------------------------------------------------------------------------------------------------------------------------------------
  NZ_LS483470.1   c__Gammaproteobacteria (UID4387)      965         277           177        0    277    0    0   0   0       100.00           0.00               0.00          
  NZ_CP048787.1   c__Gammaproteobacteria (UID4442)      899         312           185        0    312    0    0   0   0       100.00           0.00               0.00          
  NZ_CP038029.1      p__Bacteroidetes (UID2605)         350         316           210        0    314    2    0   0   0       100.00           0.95               0.00          
  NZ_CP034841.1       g__Mycoplasma (UID2428)            29         247           130        0    247    0    0   0   0       100.00           0.00               0.00          
  NZ_CP024515.1   f__Enterobacteriaceae (UID5121)       138         1162          336        0    1157   5    0   0   0       100.00           0.39               0.00          
  NZ_CP021922.1    o__Rhodospirillales (UID3754)         63         336           201        0    336    0    0   0   0       100.00           0.00               0.00          
  NZ_CP016192.1      g__Mycobacterium (UID1816)         100         693           300        0    693    0    0   0   0       100.00           0.00               0.00          
  NZ_CP014661.1   f__Enterobacteriaceae (UID5139)       119         1169          340        0    1167   2    0   0   0       100.00           0.10              50.00          
  NZ_CP009863.1   f__Enterobacteriaceae (UID5121)       138         1162          336        0    1160   2    0   0   0       100.00           0.14               0.00          
  NZ_AP017630.1      o__Clostridiales (UID1375)          50         332           124        0    332    0    0   0   0       100.00           0.00               0.00          
  NC_010717.2     c__Gammaproteobacteria (UID4202)       67         481           276        0    467    14   0   0   0       100.00           2.54              100.00         
  NZ_CP023406.1    f__Xanthomonadaceae (UID4214)         55         659           290        1    654    4    0   0   0       99.97            1.10               0.00          
  NZ_CP033850.1   f__Enterobacteriaceae (UID5124)       134         1173          336        1    1163   9    0   0   0       99.97            0.66               0.00          
  NZ_CP022411.1       g__Pseudomonas (UID4550)           78         1044          368        1    1042   1    0   0   0       99.93            0.05               0.00          
  NC_004070.1        g__Streptococcus (UID722)           30         676           182        2    674    0    0   0   0       99.85            0.00               0.00          
  NZ_CP020870.1   c__Gammaproteobacteria (UID4202)       67         481           276        2    479    0    0   0   0       99.59            0.00               0.00          
  NZ_LR134489.1      p__Bacteroidetes (UID2605)         350         316           210        1    315    0    0   0   0       99.52            0.00               0.00          
  NC_021171.1         f__Bacillaceae (UID829)           128         555           180        1    545    8    1   0   0       99.44            1.96               0.00          
  NZ_CP024704.1        k__Bacteria (UID2329)            174         149            89        1    147    1    0   0   0       99.44            0.56               0.00          
  NZ_CP042211.1      g__Helicobacter (UID3132)           26         618           246        5    612    1    0   0   0       99.42            0.10              100.00         
  NC_005090.1      o__Campylobacterales (UID3068)       106         477           284        3    472    2    0   0   0       99.41            0.42               0.00          
  NZ_CP014067.2     o__Lactobacillales (UID544)         293         473           265        2    471    0    0   0   0       99.25            0.00               0.00          
  NZ_CP020822.1    f__Flavobacteriaceae (UID2845)        53         548           298        3    543    2    0   0   0       99.22            0.67              50.00          
  NZ_CP031169.1     o__Lactobacillales (UID463)          75         376           160        2    374    0    0   0   0       99.06            0.00               0.00          
  NZ_CP045814.1         g__Bacillus (UID864)             93         711           241        3    708    0    0   0   0       98.96            0.00               0.00          
  NZ_CP039171.1   c__Gammaproteobacteria (UID4201)      1164        275           174        3    272    0    0   0   0       98.81            0.00               0.00          
  NC_018496.1         c__Mollicutes (UID2395)           108         228           133        4    224    0    0   0   0       97.99            0.00               0.00          
  NZ_CP019572.1     o__Actinomycetales (UID1815)        120         574           266        18   550    5    1   0   0       97.57            1.19               0.00          
  NC_010644.1          k__Bacteria (UID2495)            2993        143            89        3    140    0    0   0   0       96.63            0.00               0.00          
  NZ_CP048830.1        k__Bacteria (UID2495)            2993        140            85        4    136    0    0   0   0       95.29            0.00               0.00          
--------------------------------------------------------------------------------------------------------------------------------------------------------------------------------
